1000
652
922
39
551
372
426
596
305
865
268
849
33
740
783
297
501
856
404
483
655
502
524
559
852
67
595
143
753
783
169
868
786
90
258
336
813
35
932
117
900
551
317
932
290
100
580
142
307
983
624
962
836
148
520
687
566
466
830
319
249
350
538
386
791
147
722
603
182
5
71
433
907
387
716
196
838
295
689
497
629
665
458
464
164
329
502
729
146
683
399
746
32
936
132
822
435
205
776
968
561
846
400
467
585
467
14
774
761
702
270
389
366
79
204
529
759
705
258
905
388
656
2
419
944
133
593
730
689
368
697
249
566
448
67
150
914
80
275
26
134
545
414
851
623
969
732
382
673
989
638
60
996
639
831
291
124
775
372
812
142
420
413
59
867
831
208
132
911
835
509
396
379
922
246
353
890
977
86
915
317
723
326
665
714
156
307
189
930
679
1000
424
98
764
482
317
595
42
800
857
876
309
252
606
582
849
958
824
178
396
738
846
118
415
862
183
571
169
371
852
199
723
627
648
486
461
964
432
502
116
288
729
424
891
334
357
92
643
180
269
38
269
466
508
684
328
690
606
848
413
809
46
135
436
693
972
896
9
756
749
124
43
829
899
286
162
255
729
156
787
349
546
55
814
53
90
493
94
695
340
506
856
385
992
291
78
964
538
438
719
638
561
113
466
459
750
979
65
478
486
851
178
31
258
992
83
347
484
529
394
824
34
249
560
378
891
989
693
780
426
411
417
986
875
234
796
977
564
213
806
49
63
984
80
672
975
514
19
810
42
764
985
428
12
545
805
902
533
497
681
959
259
449
296
485
34
444
461
597
656
619
645
718
602
76
742
928
590
112
89
983
875
74
410
886
970
566
139
502
62
171
812
672
971
460
157
4
903
969
952
558
939
596
627
540
672
368
819
613
479
908
595
705
333
5
942
302
570
432
155
984
602
967
7
924
426
163
279
680
484
230
237
422
826
863
314
849
583
132
813
413
391
407
118
723
763
411
24
685
843
179
20
796
497
26
720
274
541
998
953
24
228
189
797
405
403
110
605
337
594
417
102
984
823
219
707
938
629
82
622
823
612
993
619
108
18
338
381
558
687
685
933
914
225
730
670
628
191
274
316
784
690
417
768
865
987
826
154
968
259
127
790
871
119
408
978
136
97
711
694
784
395
978
49
620
707
719
599
898
344
266
33
34
683
152
250
21
977
403
988
588
529
130
458
647
537
787
134
986
849
179
769
596
157
169
567
863
887
517
112
231
782
145
616
816
296
217
837
625
619
176
212
499
305
21
497
194
807
630
179
656
809
947
603
965
115
169
179
354
685
291
936
466
787
551
634
434
767
470
58
737
645
621
587
950
641
83
143
800
712
673
455
872
971
409
836
437
577
367
790
261
9
77
78
795
627
711
228
745
532
638
833
177
258
419
478
251
853
972
50
565
644
856
436
614
264
624
50
840
990
192
452
998
268
529
144
247
592
723
343
123
360
176
299
970
946
128
220
799
99
269
715
94
124
502
707
387
125
109
226
466
300
677
815
919
557
958
165
148
681
860
271
392
35
921
361
332
49
580
130
499
848
196
593
971
698
651
357
822
759
934
640
410
962
454
681
871
764
845
18
796
704
640
187
90
561
548
774
961
479
255
459
327
451
403
649
148
54
358
321
812
643
960
574
605
766
254
475
529
450
844
324
506
484
510
947
396
409
720
356
888
975
166
566
425
569
566
924
622
923
244
785
566
204
358
522
969
963
348
849
765
191
172
270
674
33
216
421
794
288
128
33
262
294
950
38
862
515
961
835
438
204
971
355
759
681
876
79
643
223
927
407
765
450
28
791
483
596
211
628
883
339
660
144
632
609
181
845
123
493
31
912
696
1
618
455
681
493
885
676
67
812
82
832
261
462
622
95
57
184
722
939
522
733
82
505
341
614
701
816
106
731
79
153
732
697
959
412
189
844
439
608
655
521
791
267
982
764
714
38
947
435
328
821
168
409
325
860
374
26
675
831
756
106
983
839
802
942
603
342
785
41
949
791
913
739
409
246
854
122
635
801
557
962
621
76
722
297
935
95
322
962
277
430
419
260
620
220
553
222
561
337
615
510
479
527
600
887
773
454
9
407
606
917
721
226
992
442
522
278
889
196
591
165
977
9
776
596
580
328
818
141
16
432
2
494
310
601
381
434
406
741
193
11
657
913
588
1000
706
462
629
594
9
572
111
985
932
886
580
512
566
749
652
581
532
5
75
842
605
807
627
363
899
819
725
907
731
313
258
437
126
